applied_lat_ms,applied_t,cmd_vx,cmd_yaw,conf,event,frame_age,frame_count,fw_ts,infer_ms,pitch,px,py,pz,roll,round_trip_ms,size,size_bucket,streak,t,t_proc,torn_frames,tracking,vis_gate,wall,x,x_bin,x_soft,yaw
153.44225009903312,13.105788458022289,0.0,0.0,0.8251423569025963,,0.018417500075884163,158,16006,1.8724999390542507,0.0,9.667740647747655e-14,3.509330684121209e-13,0.8609360456466675,0.0,2.2672920022159815,0.375,1,1,12.973739582928829,12.97076370799914,0,0,1,1789448794.326682,0.4444444444444444,6,0.361271034167155,0.0
157.87825000006706,13.262368249939755,0.0,0.0,0.8588079690524528,,0.02251462498679757,160,16157,0.6672090385109186,0.0,9.083390913348574e-14,3.28619211920414e-13,0.8503134846687317,0.0,0.80979207996279,0.375,1,2,13.128205165965483,13.127004624926485,0,0,1,1789448794.481144,0.4444444444444444,6,0.3692781906739424,0.0
153.57099997345358,13.419773290981539,0.2,-26.666666666666664,0.7987560853406759,,0.02389579196460545,162,16309,0.9226660476997495,0.0,8.451355934524507e-14,3.0459762858682515e-13,0.8401114344596863,0.0,1.125665963627398,0.375,1,3,13.2916942499578,13.29009808297269,0,1,1,1789448794.644635,0.4444444444444444,6,0.3518324132940461,0.0
156.07525000814348,13.587369250017218,0.2,-26.666666666666664,0.7302849032956792,,0.014404374989680946,164,16457,1.133000012487173,0.0,7.839692436895085e-14,2.8147338518129394e-13,0.8320317268371582,0.0,1.3372499961405993,0.375,1,0,13.447506916010752,13.445698374998756,0,1,0,1789448794.80045,0.4444444444444444,6,0.3515931193869173,0.0
155.64512507990003,13.67018925002776,0.2,-26.666666666666664,0.7965502461132258,,0.08505695802159607,165,16657,1.0705419117584825,-2.9471147060394287,0.0002647043438628316,6.479560283878527e-07,0.823846697807312,-0.00269451760686934,1.3032499700784683,0.375,1,1,13.601451540947892,13.599601082969457,0,1,1,1789448794.954397,0.4444444444444444,6,0.36878936550716507,-0.06688477843999863
155.89666704181582,13.839282082975842,0.2,-26.666666666666664,0.7058427807943158,,0.07796420902013779,167,16809,1.0301250731572509,-2.662792444229126,0.006397688761353493,-3.1604442483512685e-05,0.8179764747619629,-0.05593816936016083,1.2191670248284936,0.375,1,0,13.763054374954663,13.761349624954164,0,1,0,1789448795.116002,0.4444444444444444,6,0.3631970851107636,-1.0625088214874268
154.6588750788942,14.003481124993414,0.2,-26.666666666666664,0.7983034089541327,,0.06700716610066593,169,16960,2.4685420794412494,-3.360816478729248,0.012984632514417171,-7.045584789011627e-05,0.8142732977867126,-0.03797727823257446,3.018332994543016,0.375,1,1,13.919918124913238,13.915829416015185,0,1,1,1789448795.272871,0.4444444444444444,6,0.3157010492891884,-3.398350715637207
157.2823750320822,14.174066124949604,0.2,-13.33333333333334,0.9364667564384488,,0.05401804100256413,171,17114,2.274499973282218,-1.5395718812942505,0.022590558975934982,-0.0003947764344047755,0.8118687868118286,-0.000934931100346148,2.5892910780385137,0.375,1,2,14.074045624933206,14.070801790920086,0,1,1,1789448795.426998,0.22222222222222232,5,0.2533011429783745,-6.389271259307861
153.33845803979784,14.334367541014217,0.2,-13.33333333333334,0.8410341288605578,,0.04375733295455575,173,17260,1.220415928401053,-2.6488189697265625,0.031674373894929886,-0.0009098653099499643,0.8107135891914368,0.11512129008769989,1.4289169339463115,0.375,1,3,14.22686449997127,14.224786415928975,0,1,1,1789448795.579817,0.22222222222222232,5,0.1821706955177662,-8.64511775970459
155.28016700409353,14.499610124970786,0.2,-13.33333333333334,0.721123940940822,,0.041636207955889404,175,17411,1.6992079326882958,-1.6850519180297852,0.04584796354174614,-0.0020391419529914856,0.8106279969215393,0.09232426434755325,2.174625056795776,0.375,1,0,14.38870000001043,14.385966165922582,0,1,0,1789448795.741655,0.22222222222222232,5,0.22013780726644536,-10.749500274658203
156.59275010693818,14.662700291024521,0.2,-13.33333333333334,0.9101869419328708,,0.03386779210995883,177,17557,0.9750829776749015,-1.8560723066329956,0.06122767552733421,-0.003383892821148038,0.8112050890922546,0.18555031716823578,1.228792010806501,0.375,1,1,14.541735249920748,14.539975333027542,0,1,1,1789448795.8946922,0.22222222222222232,5,0.20897673629278074,-12.26565170288086
155.08333407342434,14.820709999999963,0.2,-13.33333333333334,0.9571058001570654,,0.02873916702810675,179,17712,0.8826659759506583,-1.4193575382232666,0.08089934289455414,-0.005538711789995432,0.812445342540741,0.25778868794441223,1.088125049136579,0.375,1,2,14.696012915926985,14.694365832954645,0,1,1,1789448796.048971,0.22222222222222232,5,0.1539799609124321,-13.74086856842041
159.01487495284528,14.987083290936425,0.2,0.0,0.9339708768476767,,0.022760167019441724,181,17856,0.8513749344274402,-1.2297236919403076,0.09913850575685501,-0.007862596772611141,0.8138211369514465,0.2543672025203705,1.0635829530656338,0.375,1,3,14.85241233301349,14.850828583003022,0,1,1,1789448796.2053719,0.0,4,0.07619982998904899,-15.034406661987305
160.35316698253155,15.151035999995656,0.2,0.0,0.8730305112958194,,0.022794082993641496,183,18057,0.8988750632852316,-1.1138086318969727,0.12855027616024017,-0.012397265993058681,0.8159815669059753,0.34230923652648926,1.060541020706296,0.375,1,4,15.014974624966271,15.013476916006766,0,1,1,1789448796.367936,0.0,4,0.034988265357467824,-17.09112548828125
158.49412500392646,15.312351915985346,0.2,0.0,0.929747960138274,,0.017138708964921534,185,18207,0.9798340033739805,-0.8388059735298157,0.14994370937347412,-0.016037723049521446,0.8173553347587585,0.35799112915992737,1.2074169935658574,0.375,1,5,15.17291145795025,15.170996499946341,0,1,1,1789448796.525876,0.0,4,0.02091103978574529,-18.338558197021484
156.03874996304512,15.47434349998366,0.2,0.0,0.785149920329846,,0.011526665999554098,187,18360,0.890374998562038,-0.8143318295478821,0.17601624131202698,-0.021180758252739906,0.8186717629432678,0.3892287015914917,1.0633330093696713,0.375,1,6,15.33127795800101,15.32983141602017,0,1,1,1789448796.684243,0.0,4,0.017858767306090303,-19.41190528869629
160.49433301668614,15.642597332946025,0.2,0.0,0.8424797699373251,,0.005261000012978911,189,18514,0.857125036418438,-0.7010500431060791,0.20091883838176727,-0.026571540161967278,0.8195919990539551,0.39955031871795654,1.0838339803740382,0.375,1,7,15.48889441601932,15.487363999942318,0,1,1,1789448796.841862,0.0,4,0.02472875487136442,-19.673667907714844
156.7635830724612,15.797634290996939,0.2,0.0,0.842586428113029,,0.001726625021547079,191,18662,0.5130829522386193,-0.6150226593017578,0.22435124218463898,-0.03199751675128937,0.8201535940170288,0.34022513031959534,0.622916966676712,0.375,1,8,15.643571291002445,15.642597332946025,0,1,1,1789448796.9965398,0.0,4,0.009696492332496535,-19.495820999145508
153.5525000654161,15.876690333010629,0.2,0.0,0.794063651024086,,0.07449645805172622,192,18812,0.8551659993827343,-0.4950108528137207,0.24996700882911682,-0.038427334278821945,0.8203792572021484,0.3163989782333374,1.0602499824017286,0.375,1,9,15.79915291594807,15.797634290996939,0,1,1,1789448797.152124,0.0,4,0.0011002059618132193,-19.76289176940918
157.95575000811368,16.045688375015743,0.2,0.0,0.7541889077895125,,0.06627366598695517,194,19008,1.2829579645767808,-0.3552606701850891,0.28332266211509705,-0.04729767516255379,0.8201842904090881,0.2608955204486847,1.5381249831989408,0.375,1,10,15.956199957989156,15.954006290994585,0,1,1,1789448797.309174,0.0,4,0.026129086544242418,-20.17032814025879
153.94991601351649,16.206224540947005,0.2,0.0,0.8754610073833279,,0.06371979101095349,196,19159,1.286791986785829,-0.46578750014305115,0.30885493755340576,-0.05446415767073631,0.8196738362312317,0.2553263306617737,1.535792020149529,0.375,1,11,16.11789004097227,16.115994415944442,0,1,1,1789448797.470866,0.0,4,0.035074750129524754,-20.259889602661133
153.3298749709502,16.369964582961984,0.2,0.0,0.9149954522406427,,0.06261812499724329,198,19312,1.2641249923035502,-0.39300841093063354,0.3345663845539093,-0.06197371706366539,0.8189309239387512,0.21470600366592407,1.501083024777472,0.375,1,12,16.28130675002467,16.279252832988277,0,1,1,1789448797.634285,0.0,4,0.0216378696699695,-20.243408203125
157.09083306137472,16.534519291017205,0.2,0.0,0.9065743780328537,,0.059835582971572876,200,19459,2.085207961499691,-0.39174896478652954,0.3604021966457367,-0.06976892054080963,0.8180041313171387,0.18388885259628296,2.4943749886006117,0.375,1,13,16.440539582981728,16.437264040927403,0,1,1,1789448797.7935202,0.0,4,0.00758275188564304,-20.223844528198242
153.52525003254414,16.69719533296302,0.2,0.0,0.8838824217791478,,0.0482366670621559,202,19620,1.9173750188201666,-0.23514720797538757,0.38994598388671875,-0.07899881899356842,0.8168266415596008,0.1654120832681656,2.282583969645202,0.375,1,14,16.59499449993018,16.59190674999263,0,1,1,1789448797.947977,0.0,4,0.01097563493609396,-20.203956604003906
161.17820900399238,16.87020937493071,0.2,0.0,0.8780668338107429,,0.0373992919921875,204,19757,1.1396670015528798,-0.3466031551361084,0.4114946722984314,-0.08569560945034027,0.815933883190155,0.1436028927564621,1.3842079788446426,0.375,1,15,16.748364500002936,16.746430457918905,0,1,1,1789448798.1013482,0.0,4,0.0038888195396483234,-20.263572692871094
154.01141694746912,17.026626082952134,0.2,0.0,0.8075252076232352,,0.029139833990484476,206,19907,1.2529999949038029,-0.4615804851055145,0.4360663592815399,-0.09355409443378448,0.8148993253707886,0.1333659440279007,1.481749932281673,0.375,1,16,16.903862415929325,16.90175449999515,0,1,1,1789448798.2568479,0.0,4,0.016738443942644052,-20.331195831298828
153.93454197328538,17.195046707987785,0.2,0.0,0.7685364564333242,,0.015012916992418468,208,20106,1.0460419580340385,-0.36240071058273315,0.4711475372314453,-0.10510601103305817,0.8135291337966919,0.1076255664229393,1.2375840451568365,0.375,1,17,17.05785104096867,17.05612508300692,0,1,1,1789448798.4108381,0.0,4,-0.0039029889299862005,-20.292137145996094
158.65587489679456,17.362673832918517,0.2,0.0,0.7341860387036327,,0.008272332954220474,210,20257,0.9992499835789204,-0.36864301562309265,0.4939253330230713,-0.112522192299366,0.8127056360244751,0.103719562292099,1.1501250555738807,0.375,1,0,17.21394787495956,17.212290290975943,0,1,0,1789448798.566937,0.0,4,0.0013547612899327066,-20.253578186035156
159.99745798762888,17.445645082974806,0.2,0.0,0.7246668115881261,,0.08222658303566277,211,20407,1.0674999793991446,-0.39721015095710754,0.5217224359512329,-0.12178566306829453,0.8118345141410828,0.092274509370327,1.2517919531092048,0.375,1,0,17.36964170797728,17.36787420802284,0,1,0,1789448798.722633,0.0,4,0.0010036860004800719,-20.23681640625
154.16154195554554,17.604638332966715,0.2,0.0,0.6603489448480016,,0.07444454194046557,213,20569,1.0518329218029976,-0.3416040539741516,0.5490338802337646,-0.1309397667646408,0.8111197352409363,0.08588358759880066,1.2501670280471444,0.375,1,0,17.52661420800723,17.524921332951635,0,1,0,1789448798.8796082,0.0,4,0.011045695120034282,-20.291725158691406
155.31791700050235,17.770768207963556,0.2,0.0,0.7012738213403873,,0.0644031249685213,215,20710,1.276833936572075,-0.36615368723869324,0.5718116164207458,-0.13859403133392334,0.8106228113174438,0.08494580537080765,1.533582923002541,0.375,1,0,17.682102208025753,17.679853415931575,0,1,0,1789448799.035098,0.0,4,0.01707233090106393,-20.271194458007812
154.82583304401487,17.928992916014977,0.2,0.0,0.7444879489477672,,0.059618458035402,217,20856,0.7975000189617276,-0.33226466178894043,0.5973851680755615,-0.14723195135593414,0.8101629018783569,0.07968287169933319,0.9418330155313015,0.375,1,0,17.835062749916688,17.833785541006364,0,1,0,1789448799.1880589,0.0,4,0.02696177923682844,-20.282638549804688
155.84170806687325,18.09152620797977,0.2,0.0,0.7196260040719039,,0.0562936250353232,219,21009,0.9960420429706573,-0.2863639295101166,0.6239426136016846,-0.15622881054878235,0.8098070621490479,0.07572013139724731,1.1758749606087804,0.375,1,0,17.99361374997534,17.99197812494822,0,1,0,1789448799.346613,0.0,4,0.01678718508888374,-20.251571655273438
155.39683296810836,18.253918707952835,0.2,0.0,0.6779218168625084,,0.05306704097893089,221,21157,1.400875044055283,-0.2849027216434479,0.6500092148780823,-0.1650754064321518,0.8095240592956543,0.07696250081062317,1.6332499217242002,0.375,1,0,18.153848332935013,18.151588915963657,0,1,0,1789448799.506849,0.0,4,0.014578640690728041,-20.22575569152832
154.76695797406137,18.4179581659846,0.2,0.0,0.6012334035267448,,0.04315183300059289,223,21306,1.2454170500859618,-0.32254838943481445,0.6743744611740112,-0.1732979565858841,0.8093159794807434,0.07047087699174881,1.4745841035619378,0.375,1,0,18.308426624978893,18.306343041011132,0,1,0,1789448799.6614301,0.0,4,0.017325930322836067,-20.2106876373291
160.4068330489099,18.588028082973324,0.2,0.0,0.516474587034898,,0.03483841603156179,225,21507,1.2923750327900052,-0.4070419371128082,0.7084597945213318,-0.1848844587802887,0.8090904951095581,0.07513199001550674,1.5431250212714076,0.375,1,0,18.46456379094161,18.462459665955976,0,1,0,1789448799.817569,0.0,4,0.01807391485489695,-20.254802703857422
159.83612497802824,18.750221874914132,0.2,0.0,0.603976787103556,,0.02767500001937151,227,21656,1.030583051033318,-0.4032035171985626,0.7339929342269897,-0.19358311593532562,0.8089614510536194,0.07299625128507614,1.222957973368466,0.375,1,0,18.619778582942672,18.618060749955475,0,1,0,1789448799.972785,0.0,4,-0.00393412816290464,-20.227764129638672
156.60045901313424,18.91038849996403,0.2,0.0,0.6252051592799365,,0.025808125035837293,229,21806,1.055083004757762,-0.3865426182746887,0.7569149136543274,-0.20134826004505157,0.8088316321372986,0.07016699016094208,1.2685420224443078,0.375,1,0,18.781309332931414,18.77959616598673,0,1,0,1789448800.134318,0.0,4,-0.006768345394863765,-20.19104766845703
155.01225006300956,19.071016540983692,0.2,0.0,0.6773071439655831,,0.020650084014050663,231,21956,0.9818749967962503,-0.37566789984703064,0.7847662568092346,-0.21085213124752045,0.8086790442466736,0.07038366049528122,1.1482499539852142,0.375,1,0,18.93824504094664,18.936654374934733,0,1,0,1789448800.291255,0.0,4,-0.011952153086040043,-20.185659408569336
158.47362508065999,19.2369823330082,0.2,0.0,0.7247870981947407,,0.013513458077795804,233,22106,1.016999944113195,-0.36670881509780884,0.8093886971473694,-0.21923400461673737,0.8085471391677856,0.06662403047084808,1.184792025014758,0.375,1,0,19.093630124931224,19.092022166005336,0,1,0,1789448800.4466429,0.0,4,0.0010656942284936054,-20.210002899169922
162.22637495957315,19.405000415979885,0.2,0.0,0.7752596491970972,,0.005558541975915432,235,22266,0.9861669968813658,-0.367999792098999,0.8356121182441711,-0.22816309332847595,0.8083930611610413,0.06842479109764099,1.225082902237773,0.375,1,1,19.250026124995202,19.248332582996227,0,1,1,1789448800.603041,0.0,4,-0.011892714487159726,-20.23206329345703
160.8846669550985,19.484702082932927,0.2,0.0,0.6642596640762074,,0.08118300000205636,236,22457,1.1118330294266343,-0.4146434962749481,0.8658056259155273,-0.238433837890625,0.8081813454627991,0.07146339118480682,1.3439999893307686,0.375,1,0,19.4069769999478,19.405000415979885,0,1,0,1789448800.759994,0.0,4,-0.002442293470449479,-20.20636749267578
155.7137919589877,19.642368332948536,0.2,0.0,0.6791493157423307,,0.07566983392462134,238,22611,1.2307500001043081,-0.39609581232070923,0.89344322681427,-0.2478594332933426,0.8079500198364258,0.06842344254255295,1.590083003975451,0.375,1,0,19.56460804096423,19.56232437491417,0,1,0,1789448800.917629,0.0,4,0.0007547359800482174,-20.182985305786133
154.84475006815046,19.80432691599708,0.0,0.0,0.7027453564664261,,0.07125666702631861,240,22756,1.5355829382315278,-0.38848817348480225,0.9180601835250854,-0.2562522888183594,0.8077118396759033,0.06844299286603928,2.0482499385252595,0.625,2,0,19.723361957934685,19.72073883295525,0,1,0,1789448801.0763872,0.0,4,0.016694526454541975,-20.171367645263672
159.13287503644824,19.972357625025325,0.0,0.0,0.6822072196330152,,0.06601266597863287,242,22926,1.2584170326590538,-0.22468355298042297,0.9453540444374084,-0.2655114233493805,0.8074256777763367,0.06698224693536758,1.5201660571619868,0.625,2,0,19.88137704099063,19.87923741596751,0,1,0,1789448801.234401,0.0,4,0.018374066499600064,-20.17673683166504
160.59112502261996,20.140310332993977,0.0,0.0,0.8511083921087771,,0.05427370802499354,244,23078,1.8025829922407866,4.262091636657715,0.9689452648162842,-0.2736625671386719,0.8070970773696899,0.13992205262184143,2.264707931317389,0.625,2,1,20.03692779096309,20.03399291599635,0,1,1,1789448801.389955,0.0,4,0.02316915499543691,-20.093172073364258
156.86537500005215,20.301958457916044,0.0,0.0,0.6466517838488607,,0.043755667051300406,246,23209,1.3611670583486557,1.7011672258377075,0.9835798740386963,-0.27860966324806213,0.8067511320114136,0.11078968644142151,1.6722079599276185,0.625,2,0,20.191181332920678,20.188848749967292,0,1,0,1789448801.5442078,0.0,4,0.01655061241076102,-19.99746322631836
157.88954100571573,20.46908679092303,0.0,0.0,0.8505727487536453,,0.03439562499988824,248,23356,1.0328339412808418,2.6879003047943115,1.0013909339904785,-0.2843306064605713,0.8064923286437988,0.04815109446644783,1.225166954100132,0.625,2,1,20.347219415940344,20.3455928749172,0,1,1,1789448801.700248,0.0,4,0.015972257002890237,-20.021848678588867
157.74937509559095,20.63367000001017,0.0,0.0,0.8186409249923317,,0.024500416009686887,250,23506,1.0501660872250795,1.4188556671142578,1.018062710762024,-0.28940561413764954,0.8062556982040405,0.0719607025384903,1.2560420436784625,0.625,2,2,20.502212750026956,20.500421040924266,0,1,1,1789448801.855243,0.0,4,0.009821906603707818,-20.14225196838379
154.0972909424454,20.79564754094463,0.0,0.0,0.7655557252852854,,0.021041999920271337,252,23707,0.9744169656187296,1.4519000053405762,1.036501407623291,-0.2947523295879364,0.8060001134872437,0.13152101635932922,1.1809580028057098,0.625,2,3,20.664265875006095,20.662592249922454,0,1,1,1789448802.017298,0.0,4,0.013948026371818282,-20.19845199584961
159.5891659380868,20.96353929094039,0.0,0.0,0.68164050011895,,0.02173187502194196,254,23856,1.0112079326063395,1.5884625911712646,1.047412633895874,-0.29762452840805054,0.8058282136917114,0.09869243204593658,1.1954160872846842,0.625,2,0,20.82744437502697,20.825682000024244,0,1,0,1789448802.180479,0.0,4,0.007780975835611246,-20.141889572143555
154.3954579392448,21.120561415911652,0.0,0.0,0.6221390178037882,,0.021365541964769363,256,24009,1.0036659659817815,0.9997878074645996,1.0572274923324585,-0.2998946011066437,0.8056642413139343,0.1459917277097702,1.2135839788243175,0.625,2,0,20.98921349993907,20.987531499937177,0,1,0,1789448802.3422499,0.0,4,0.008463773106532901,-20.085079193115234
153.40895799454302,21.284636790980585,0.0,0.0,0.711114470374958,,0.014422666979953647,258,24157,1.0527080157771707,1.0973211526870728,1.0651189088821411,-0.30145150423049927,0.8055109977722168,0.13368910551071167,1.2713749893009663,0.625,2,0,21.14736920793075,21.145650499965996,0,1,0,1789448802.5004082,0.0,4,0.008514698453791911,-20.10152244567871
155.52779205609113,21.451354083023034,0.2,0.0,0.6041209962572175,,0.007111791986972094,260,24309,1.0776249691843987,0.6889313459396362,1.0716215372085571,-0.3023936450481415,0.8053882122039795,0.16094857454299927,1.2843339936807752,0.375,1,0,21.304735374986194,21.302938082953915,0,1,0,1789448802.657776,0.0,4,0.007410188943335693,-20.15656089782715
159.54212506767362,21.537339375005104,0.2,0.0,0.5964535311604326,,0.0817106660688296,261,24507,1.0636659571900964,0.5665019154548645,1.0780034065246582,-0.3029038906097412,0.8052810430526733,0.1673821359872818,1.2639170745387673,0.375,1,0,21.46121416601818,21.45950791600626,0,1,0,1789448802.8142562,0.0,4,0.005778370674971732,-20.1720027923584
155.12391598895192,21.697600915911607,0.0,0.0,0.7691436892115483,,0.07409195799846202,263,24658,1.0191670153290033,-2.55014705657959,1.0823277235031128,-0.30290326476097107,0.8051745891571045,0.16880309581756592,1.2069169897586107,0.625,2,1,21.61821429093834,21.616568957921118,0,1,1,1789448802.9712589,0.0,4,-0.001211929341248516,-20.11756706237793
157.59445796720684,21.864919665968046,0.0,0.0,0.6799808539882276,,0.06957366701681167,265,24807,1.667457981966436,-2.6506052017211914,1.0905781984329224,-0.3041304051876068,0.8048911094665527,0.034488044679164886,1.982791000045836,0.625,2,0,21.779481415986083,21.77689887501765,0,1,0,1789448803.13253,0.0,4,-0.013676470332763901,-19.992374420166016
157.51045802608132,22.028869541012682,0.0,0.0,0.6592662381711455,,0.0686505000339821,267,24956,1.293000066652894,1.6759148836135864,1.098963975906372,-0.30576127767562866,0.8046843409538269,0.2538774609565735,1.5833750367164612,0.625,2,0,21.942615124979056,21.940009583020583,0,1,0,1789448803.2956648,0.0,4,0.0038398487872242804,-20.055635452270508
159.8352500004694,22.195317332982086,0.2,0.0,0.6693056036886115,,0.059565374976955354,269,25106,1.2612499995157123,0.7232619524002075,1.1015706062316895,-0.3058241307735443,0.8047646880149841,0.14691220223903656,1.5388330211862922,0.375,1,0,22.097063915920444,22.09504745795857,0,1,0,1789448803.450114,0.0,4,0.021384347714207205,-20.13585090637207
156.97975002694875,22.355796291027218,0.2,0.0,0.5798541537264008,,0.05182604200672358,271,25257,2.0597080001607537,0.8012250065803528,1.1051057577133179,-0.3060196042060852,0.8046965003013611,0.13378523290157318,2.486333018168807,0.375,1,0,22.253982207970694,22.250642583006993,0,1,0,1789448803.607035,0.0,4,0.018846833222254826,-20.155677795410156
161.19366697967052,22.525080499937758,0.0,0.0,0.5944201043787976,,0.0429657920030877,273,25406,1.3244589790701866,-2.8873519897460938,1.1098440885543823,-0.3065614104270935,0.8045604228973389,0.10528946667909622,1.5731659950688481,0.625,2,0,22.40901079098694,22.406852624961175,0,1,0,1789448803.762065,0.0,4,-0.014368814683293122,-20.095569610595703
154.1547089582309,22.67640074994415,0.0,0.0,0.746965081669159,,0.04062854195944965,275,25556,0.7833329727873206,-2.4883532524108887,1.1199331283569336,-0.30893033742904663,0.8042851686477661,0.05884980782866478,0.9227920090779662,0.625,2,0,22.564217165927403,22.56287458294537,0,1,0,1789448803.917273,0.0,4,0.0035311956705522275,-19.984546661376953
161.17891599424183,22.844498790916987,0.2,0.0,0.7513837340138678,,0.037687666015699506,277,25756,0.8789169369265437,1.6426975727081299,1.1332976818084717,-0.3129241466522217,0.8040317296981812,0.14974172413349152,1.0302920127287507,0.375,1,1,22.72246700001415,22.721007540938444,0,1,1,1789448804.075525,0.0,4,0.004856787205382341,-20.053455352783203
154.72741704434156,23.00305637496058,0.2,0.0,0.7242254819117664,,0.027329250006005168,279,25911,1.2476659612730145,0.5581322312355042,1.1386189460754395,-0.3148409128189087,0.8040085434913635,0.09430665522813797,1.4731669798493385,0.375,1,0,22.87773662491236,22.875658207922243,0,1,0,1789448804.230797,0.0,4,0.01170925544221122,-20.125629425048828
157.8822920564562,23.17410399997607,0.0,0.0,0.5609448311569172,,0.01626633305568248,281,26057,1.2250420404598117,-1.8717139959335327,1.1439952850341797,-0.31641900539398193,0.8039112091064453,0.0014823090750724077,1.4142909785732627,0.625,2,0,23.034505374962464,23.032488040975295,0,1,0,1789448804.387567,0.0,4,-0.028092142011741303,-20.122417449951172
156.77645790856332,23.33757758291904,0.2,0.0,0.6104001579381386,,0.005700957961380482,283,26207,1.2390830088406801,-2.7898664474487305,1.1563587188720703,-0.3203370273113251,0.8036361932754517,-0.0043260809034109116,1.457209000363946,0.375,1,0,23.18842133297585,23.186502082971856,0,1,0,1789448804.541485,0.0,4,-0.014940727295987465,-20.021188735961914
157.47233293950558,23.420678832917474,0.0,0.0,0.629012004424775,,0.078420624951832,284,26358,1.077416935004294,-0.15223254263401031,1.1680161952972412,-0.3245592713356018,0.8034374117851257,0.0825398862361908,1.3089999556541443,0.625,2,0,23.343510875012726,23.3416271249298,0,1,0,1789448804.696577,0.0,4,-0.024511994969500857,-19.991514205932617
156.88470902387053,23.586370875011198,0.2,0.0,0.7553792685950522,,0.06838879198767245,286,26509,1.2428329791873693,0.8186540603637695,1.177168846130371,-0.3284575939178467,0.8034524917602539,0.04138215258717537,1.489416928961873,0.375,1,1,23.499851875007153,23.497874957975,0,1,1,1789448804.85292,0.0,4,0.0001400490406179948,-20.032520294189453
159.58991704974324,23.754160000011325,0.2,0.0,0.6183993037639978,,0.05981045798398554,288,26659,1.2534590205177665,1.3021245002746582,1.1865986585617065,-0.3321760296821594,0.8031848669052124,-0.05173391476273537,1.4911670004948974,0.375,1,0,23.65642662497703,23.654380540945567,0,1,0,1789448805.0094972,0.0,4,-0.01288202581654618,-20.08503532409668
158.9973330264911,23.9171738330042,0.0,0.0,0.6256289174887829,,0.05026058293879032,290,26806,1.2298340443521738,-2.223491907119751,1.1950865983963013,-0.3356921970844269,0.8027377724647522,0.04278915748000145,1.459833001717925,0.625,2,0,23.810499040992,23.808437082916498,0,1,0,1789448805.163571,0.0,4,-0.005836538635732646,-20.067358016967773
161.663957987912,24.08287116594147,0.0,0.0,0.632475925085132,,0.04610045801382512,292,27012,0.9929999941959977,-0.4411340355873108,1.21535325050354,-0.3433849811553955,0.801791250705719,-0.03180023655295372,1.1447910219430923,0.625,2,0,23.968885040958412,23.967307665967382,0,1,0,1789448805.3219578,0.0,4,-0.014756263003844403,-19.998062133789062
154.0429589804262,24.239406624925323,0.0,0.0,0.7362986953626804,,0.04027391702402383,294,27170,1.253332942724228,2.5956194400787354,1.2302978038787842,-0.34959498047828674,0.8014039993286133,-0.043274860829114914,1.4830000000074506,0.625,2,0,24.127802290953696,24.12563758296892,0,1,0,1789448805.480878,0.0,4,0.00578843204946187,-20.003774642944336
161.305750021711,24.412301040953025,0.0,0.0,0.6227530369953156,,0.031249959021806717,296,27308,0.9248750284314156,1.3715399503707886,1.2379170656204224,-0.3533531427383423,0.801238477230072,0.08129467815160751,1.1325839441269636,0.625,2,0,24.28388137498405,24.28224524995312,0,1,0,1789448805.636959,0.0,4,-0.031142700234551016,-20.007993698120117
154.10954202525318,24.565889124991372,0.0,0.0,0.7587430040763874,,0.02664799999911338,298,27456,0.9876670083031058,1.8443834781646729,1.2471410036087036,-0.3573944866657257,0.801164984703064,-0.14603205025196075,1.2699590297415853,0.625,2,1,24.440416499972343,24.438427582965232,0,1,1,1789448805.793499,0.0,4,-0.03424566982367274,-20.026460647583008
155.64170794095844,24.72889020794537,0.0,0.0,0.8159096951763573,,0.02272720797918737,300,27606,1.01816700771451,0.3363313376903534,1.2572729587554932,-0.3616604804992676,0.8013201951980591,-0.029590409249067307,1.297999988310039,0.625,2,2,24.597761165932752,24.595975707983598,0,1,1,1789448805.950845,0.0,4,-0.024218630839515913,-20.031246185302734
153.03395804949105,24.887291208026,0.0,0.0,0.8280232564182801,,0.01972133293747902,302,27759,1.6052080318331718,1.5880743265151978,1.2667236328125,-0.36560261249542236,0.8016476035118103,-0.08837249130010605,1.9827919313684106,0.625,2,3,24.756569457938895,24.753978582913987,0,1,1,1789448806.1096551,0.0,4,-0.042308209736136644,-20.021982192993164
154.98383401427418,25.04810037498828,0.0,0.0,0.9279146303647514,,0.018782458966597915,304,27957,0.8596659172326326,1.087856411933899,1.2767918109893799,-0.3698861300945282,0.802211344242096,-0.07212730497121811,1.0565000120550394,0.625,2,4,24.913592499913648,24.911898999940604,0,1,1,1789448806.266678,0.0,4,-0.035907697720438836,-20.006885528564453
158.93991698976606,25.215111832949333,0.0,0.0,0.901215692664221,,0.009920333977788687,306,28109,0.8319169282913208,0.6212500333786011,1.2833648920059204,-0.3726756274700165,0.8026716709136963,-0.020192787051200867,1.0081669315695763,0.625,2,5,25.067512208013795,25.066092249937356,0,1,1,1789448806.420599,0.0,4,-0.03282228443616902,-20.00545883178711
155.2184590836987,25.375666750012897,0.0,0.0,0.9019468697439782,,0.0016219590324908495,308,28262,0.9318329393863678,0.8779052495956421,1.2895231246948242,-0.37523403763771057,0.8031187057495117,-0.05285058543086052,1.1267500231042504,0.625,2,6,25.223673332948238,25.22207024996169,0,1,1,1789448806.5767622,0.0,4,-0.02842445194945972,-20.005252838134766
161.40800004359335,25.46390795800835,0.0,0.0,0.8755486325741586,,0.0746977919479832,309,28411,0.8873329497873783,0.4741385877132416,1.2944520711898804,-0.37726029753685,0.8034835457801819,-0.00957141537219286,1.1403330136090517,0.625,2,7,25.378673624945804,25.37719774991274,0,1,1,1789448806.731764,0.0,4,-0.030578705539848337,-20.005462646484375
155.4112919839099,25.620968624949455,0.0,0.0,0.8646033453888792,,0.06641175004187971,311,28559,1.1867909925058484,0.647537112236023,1.2992942333221436,-0.3792608976364136,0.8037917613983154,-0.03130677714943886,1.3629579916596413,0.625,2,8,25.533921624999493,25.531969083007425,0,1,1,1789448806.8870149,0.0,4,-0.02513411291543455,-20.005403518676758
158.79524999763817,25.790020416025072,0.0,0.0,0.8012322165192698,,0.057526249904185534,313,28709,1.008374965749681,0.4512554705142975,1.3034158945083618,-0.3809354603290558,0.8040036559104919,-0.007404031697660685,1.165041932836175,0.625,2,9,25.690383082954213,25.68875141593162,0,1,1,1789448807.043478,0.0,4,-0.03504061450555806,-20.00547981262207
155.07716708816588,25.950163958012126,0.0,0.0,0.8432517115690601,,0.05164754204452038,315,28871,1.2067920761182904,0.4654237926006317,1.3076194524765015,-0.38264375925064087,0.8041321635246277,-0.01802372932434082,1.403957954607904,0.625,2,10,25.848717749933712,25.84673433296848,0,1,1,1789448807.2018151,0.0,4,-0.0247924937094499,-19.997182846069336
156.44637506920844,26.11683420802001,0.0,0.0,0.8014561795188216,,0.049847249989397824,317,29056,2.2417909931391478,0.42440560460090637,1.311984896659851,-0.3843911588191986,0.8041262030601501,-0.005425294861197472,2.658457960933447,0.625,2,11,26.013666082988493,26.0102350829402,0,1,1,1789448807.3667681,0.0,4,-0.02755623148429713,-19.985715866088867
159.8493750207126,26.28564708295744,0.0,0.0,0.8492652870976427,,0.04335708299186081,319,29208,1.3414579443633556,0.33386653661727905,1.31521475315094,-0.38567909598350525,0.8040236830711365,-0.008253000676631927,1.6713750082999468,0.625,2,12,26.171547750011086,26.169154790928587,0,1,1,1789448807.52465,0.0,4,-0.01848338078932253,-19.981626510620117
160.75504198670387,26.450996999978088,0.0,0.0,0.8886427320907749,,0.03871716698631644,321,29359,1.1560829589143395,0.3597951829433441,1.3183027505874634,-0.3868964612483978,0.8038550615310669,0.00031287502497434616,1.3830000534653664,0.625,2,13,26.331136915949173,26.3289591249777,0,1,1,1789448807.6842399,0.0,4,-0.02753281435526316,-19.98162841796875
153.75549998134375,26.608037957921624,0.0,0.0,0.8960165259940381,,0.030459542060270905,323,29508,1.0336668929085135,0.3004150390625,1.3209625482559204,-0.38794639706611633,0.8036340475082397,-0.0027388494927436113,1.2231669388711452,0.625,2,14,26.4864463750273,26.48474200000055,0,1,1,1789448807.839551,0.0,4,-0.02786586332041056,-19.981630325317383
153.57541700359434,26.77116812497843,0.0,0.0,0.8541138297387604,,0.021988042048178613,325,29657,1.0204999707639217,0.30156511068344116,1.3235716819763184,-0.3889580965042114,0.8033897280693054,-0.0012464376632124186,1.2032920494675636,0.625,2,15,26.641284207929857,26.639580750023015,0,1,1,1789448807.994391,0.0,4,-0.016386222010123592,-19.978471755981445
155.47849994618446,26.937287832959555,0.0,0.0,0.8622810109373591,,0.011749124969355762,327,29812,1.0142918908968568,0.26461535692214966,1.3261818885803223,-0.38997673988342285,0.8030901551246643,0.0020175492390990257,1.1922080302610993,0.625,2,16,26.795257749967277,26.793558457982726,0,1,1,1789448808.1483672,0.0,4,-0.017654121246527217,-19.96871566772461
154.50062497984618,27.101864749914967,0.0,0.0,0.8890795294401767,,0.005120375077240169,329,29959,1.2915830593556166,0.26363426446914673,1.3284389972686768,-0.390853613615036,0.8028364181518555,0.002002739580348134,1.4867919962853193,0.625,2,17,26.954516540979967,26.95248450001236,0,1,1,1789448808.307628,0.0,4,-0.017524753761397952,-19.96550941467285
156.9799999706447,27.186919957981445,0.0,0.0,0.8861322806426336,,0.07863879192154855,330,30106,1.0490829590708017,0.23964396119117737,1.330549955368042,-0.3916688859462738,0.8025901317596436,0.0020027104765176773,1.2578340247273445,0.625,2,18,27.11035912495572,27.10857874993235,0,1,1,1789448808.4634721,0.0,4,-0.017932200390561707,-19.96550178527832
161.4218750037253,27.350492666009814,0.0,0.0,0.859294676129743,,0.07468458393123001,332,30309,0.828124932013452,0.2290990799665451,1.3335307836532593,-0.3927988111972809,0.8022411465644836,0.0019886766094714403,0.9930829983204603,0.625,2,19,27.265247749979608,27.26375537493732,0,1,1,1789448808.6183622,0.0,4,-0.015634652657673286,-19.96200180053711
156.57274995464832,27.506402874947526,0.0,0.0,0.8999199214978132,,0.07248124992474914,334,30459,1.0402079205960035,0.23135416209697723,1.3356503248214722,-0.3935911953449249,0.802031934261322,0.007984616793692112,1.236374955624342,0.625,2,20,27.424048666027375,27.422311374917626,0,1,1,1789448808.7771652,0.0,4,-0.020879653491330835,-19.952896118164062
156.3810829538852,27.67062620795332,0.0,0.0,0.9220025684890117,,0.06745179102290422,336,30618,1.1917080264538527,0.217378631234169,1.337772250175476,-0.39438149333000183,0.801862359046936,0.006727026309818029,1.3877920573577285,0.625,2,21,27.583650499931537,27.581696916022338,0,1,1,1789448808.93677,0.0,4,-0.020864297904918082,-19.9528865814209
160.13045806903392,27.83723279100377,0.0,0.0,0.9076244492495354,,0.062483167042955756,338,30757,1.260792021639645,0.20400197803974152,1.3395692110061646,-0.395036518573761,0.8017264604568481,0.005356376059353352,1.5111250104382634,0.625,2,22,27.74166974995751,27.739585499977693,0,1,1,1789448809.094791,0.0,4,-0.019940676938099762,-19.9528865814209
155.73749993927777,27.995883957948536,0.0,0.0,0.9199253071145679,,0.05575254198629409,340,30933,1.3056669849902391,0.20627140998840332,1.3418115377426147,-0.39583948254585266,0.8016120791435242,0.011227944865822792,1.5370420878753066,0.625,2,23,27.89805558300577,27.895898999995552,0,1,1,1789448809.251178,0.0,4,-0.018648686518247696,-19.946321487426758
159.2793749878183,28.162214957992546,0.0,0.0,0.902761469378669,,0.047662333003245294,342,31058,1.0040419874712825,0.19692879915237427,1.3433314561843872,-0.39638552069664,0.8015668988227844,0.008309519849717617,1.191957970149815,0.625,2,24,28.052226374973543,28.050597916007973,0,1,1,1789448809.405351,0.0,4,-0.011145758618695824,-19.94021987915039
155.2597499685362,28.320545707945712,0.0,0.0,0.9041986131175102,,0.039990499964915216,344,31207,1.0100830113515258,0.1945558339357376,1.345149040222168,-0.39702242612838745,0.8015390634536743,0.008304759860038757,1.165166962891817,0.625,2,25,28.20692495792173,28.20527645794209,0,1,1,1789448809.560051,0.0,4,-0.014111826593680729,-19.940223693847656
153.7811669986695,28.483687457977794,0.0,0.0,0.8679557507950018,,0.03350599994882941,346,31409,1.2454590760171413,0.1940888911485672,1.347666621208191,-0.397911012172699,0.8015285134315491,0.012302955612540245,1.4633750542998314,0.625,2,26,28.365459625027142,28.363412290927954,0,1,1,1789448809.7185879,0.0,4,-0.007535666617102508,-19.940217971801758
159.1438330942765,28.656797708012164,0.0,0.0,0.8965583194591361,,0.021526541095227003,348,31562,1.240417012013495,0.18403947353363037,1.349395513534546,-0.3985128700733185,0.8014941215515137,0.010500694625079632,1.4584999298676848,0.625,2,27,28.521230624988675,28.519180416013114,0,1,1,1789448809.874361,0.0,4,-0.0088539742339986,-19.934221267700195
154.39966705162078,28.816971707972698,0.0,0.0,0.8967631732278721,,0.018585875048302114,350,31707,0.8876669453456998,0.18403984606266022,1.3510103225708008,-0.3990589678287506,0.8014883399009705,0.010480029508471489,1.0325409239158034,0.625,2,28,28.682604915928096,28.68115791596938,0,1,1,1789448810.035737,0.0,4,-0.015383787168280422,-19.927812576293945
153.25637499336153,28.98102512501646,0.0,0.0,0.9180248163362885,,0.008923915913328528,352,31858,1.0722089791670442,0.18403984606266022,1.3529365062713623,-0.399718314409256,0.8014709949493408,0.013279169797897339,1.2747910805046558,0.625,2,29,28.838468624977395,28.836692665936425,0,1,1,1789448810.191603,0.0,4,-0.011455872073584457,-19.927810668945312
153.28612504526973,29.0637955829734,0.0,0.0,0.9225787470834893,,0.08480479207355529,353,32007,1.040124916471541,0.18817226588726044,1.354596495628357,-0.4002789556980133,0.8014418482780457,0.013281003572046757,1.2199999764561653,0.625,2,30,28.997048957971856,28.995314250001684,0,1,1,1789448810.350185,0.0,4,-0.014881966352552383,-19.927810668945312
154.61845800746232,29.232608416001312,0.0,0.0,0.9275373040976788,,0.07224758295342326,355,32159,1.1979580158367753,0.18310914933681488,1.3563549518585205,-0.4008776843547821,0.8014302849769592,0.013276265002787113,1.4378329506143928,0.625,2,31,29.152255874942057,29.150237540947273,0,1,1,1789448810.505394,0.0,4,-0.019362796889842847,-19.926334381103516
153.73949997592717,29.395649165962823,0.0,0.0,0.9132122884383937,,0.07037029194179922,357,32314,1.198749989271164,0.17947833240032196,1.3581459522247314,-0.40148067474365234,0.8013958930969238,0.01324733067303896,1.5220839995890856,0.625,2,32,29.314497499959543,29.312279957928695,0,1,1,1789448810.66764,0.0,4,-0.007163915717421389,-19.91712760925293
154.4489589286968,29.558226499939337,0.0,0.0,0.937710820502802,,0.06953241699375212,359,32507,0.9906670311465859,0.1925933063030243,1.3604289293289185,-0.4022650420665741,0.8013548851013184,0.01324495766311884,1.2364579597488046,0.625,2,33,29.47500591597054,29.473309958004393,0,1,1,1789448810.828154,0.0,4,-0.0067322126166625635,-19.916372299194336
157.26354194339365,29.72065049991943,0.0,0.0,0.9110213380066933,,0.07208745798561722,361,32664,1.97199999820441,0.1915246546268463,1.3622760772705078,-0.4029092490673065,0.8013248443603516,0.010646379552781582,2.326125046238303,0.625,2,34,29.638309874921106,29.635474415961653,0,1,1,1789448810.991456,0.0,4,-0.016365763719884182,-19.916372299194336
156.62641695234925,29.881538457935676,0.0,0.0,0.9212039134234847,,0.07077099999878556,363,32815,1.4583750162273645,0.1855870634317398,1.3640328645706177,-0.40351855754852295,0.8012768030166626,0.010638757608830929,1.87774992082268,0.625,2,35,29.798287624958903,29.795683040982112,0,1,1,1789448811.151437,0.0,4,-0.006112657563048568,-19.914018630981445
158.28745800536126,30.043931207968853,0.0,0.0,0.9154321317791424,,0.06788670795504004,365,32956,1.0745830368250608,0.18558858335018158,1.3656803369522095,-0.4040805697441101,0.80124831199646,0.010612951591610909,1.2663340894505382,0.625,2,36,29.955395499942824,29.953530457918532,0,1,1,1789448811.308544,0.0,4,-0.011431828541502433,-19.906057357788086
158.10266695916653,30.20757483295165,0.0,0.0,0.9341194545053736,,0.060773834004066885,367,33109,1.5507499920204282,0.189410999417305,1.3674323558807373,-0.4046717882156372,0.8012019991874695,0.010612983256578445,1.8311250023543835,0.625,2,37,30.11271445802413,30.11024599999655,0,1,1,1789448811.465866,0.0,4,-0.011766583394598774,-19.906064987182617
159.6364580327645,30.37136583297979,0.0,0.0,0.884827932651752,,0.05696900002658367,369,33257,1.1992499930784106,0.1863318234682083,1.369170904159546,-0.4052616357803345,0.801146388053894,0.014066268689930439,1.4503750717267394,0.625,2,38,30.270677165943198,30.26869837497361,0,1,1,1789448811.62383,0.0,4,-0.012026831517711558,-19.906063079833984
155.7610830059275,30.530256083002314,0.0,0.0,0.9083799459474198,,0.05319479096215218,371,33456,1.2994169956073165,0.1886603981256485,1.371445655822754,-0.4060140550136566,0.8010990023612976,0.013430825434625149,1.550166984088719,0.625,2,39,30.429982790956274,30.42768979095854,0,1,1,1789448811.783137,0.0,4,-0.014852264809074239,-19.902490615844727
153.41833303682506,30.691815290949307,0.0,0.0,0.879373375983328,,0.04767412506043911,373,33614,1.408749958500266,0.1889110803604126,1.3732362985610962,-0.40660515427589417,0.8010386228561401,0.012338541448116302,1.6956659965217113,0.625,2,40,30.588342999923043,30.58607108297292,0,1,1,1789448811.9415,0.0,4,-0.0038043994148080516,-19.896909713745117
153.80133304279298,30.853937832987867,0.0,0.0,0.8912605610144586,,0.045742875081487,375,33756,1.2413751101121306,0.1874522864818573,1.3749550580978394,-0.40717047452926636,0.8010058403015137,0.012338544242084026,1.4938329113647342,0.625,2,41,30.747957332991064,30.74587937502656,0,1,1,1789448812.101116,0.0,4,-0.004321367928488008,-19.89691162109375
160.05554201547056,31.023989583016373,0.0,0.0,0.8913384494683924,,0.03597337496466935,377,33906,1.1754999868571758,0.19188524782657623,1.3765876293182373,-0.40768951177597046,0.8009452223777771,0.015860751271247864,1.3468749821186066,0.625,2,42,30.901760790962726,30.899907415965572,0,1,1,1789448812.254921,0.0,4,-0.009891046768254487,-19.896907806396484
162.71687496919185,31.190180749981664,0.0,0.0,0.8939766952073118,,0.03023195790592581,379,34063,0.8899589302018285,0.18731878697872162,1.3785173892974854,-0.4083136022090912,0.8009037971496582,0.01585112139582634,1.0543330572545528,0.625,2,43,31.059194791014306,31.057695832918398,0,1,1,1789448812.412357,0.0,4,-0.006894500080694934,-19.893972396850586
153.11320801265538,31.345386915956624,0.0,0.0,0.9105149933670817,,0.020604624995030463,381,34212,1.0640419786795974,0.189738467335701,1.3802595138549805,-0.40887221693992615,0.8008477091789246,0.01582902856171131,1.2714160839095712,0.625,2,44,31.214623415959068,31.212878332939,0,1,1,1789448812.567787,0.0,4,-0.010394384010253893,-19.887218475341797
160.99262505304068,31.5186531660147,0.0,0.0,0.8579038528903449,,0.01775999995879829,383,34357,1.072874991223216,0.19222618639469147,1.3819175958633423,-0.40939977765083313,0.8008055686950684,0.014446444809436798,1.2718329671770334,0.625,2,45,31.37724945798982,31.37542054092046,0,1,1,1789448812.730416,0.0,4,-0.0050125493531253205,-19.88722038269043
153.74425007030368,31.669822124997154,0.0,0.0,0.8903024432203105,,0.013601041049696505,385,34557,1.6152500174939632,0.19222219288349152,1.384190559387207,-0.4101119041442871,0.8007524609565735,0.015514634549617767,1.932542072609067,0.625,2,46,31.532136583002284,31.529678915976547,0,1,1,1789448812.8853068,0.0,4,-0.012070658257655641,-19.88722038269043
154.07595899887383,31.83097662497312,0.0,0.0,0.8794373194709384,,0.011122334050014615,387,34707,1.0231250198557973,0.1937548667192459,1.3861252069473267,-0.41071581840515137,0.8007023930549622,0.01789889857172966,1.2817919487133622,0.625,2,47,31.689853082993068,31.68802300002426,0,1,1,1789448813.0430238,0.0,4,-0.0060382083756000925,-19.8863525390625
159.82666704803705,31.99852749996353,0.0,0.0,0.8860511374846015,,0.006898874999023974,389,34857,0.9350000182166696,0.20017947256565094,1.3878616094589233,-0.4112461805343628,0.8006741404533386,0.017868828028440475,1.1104580480605364,0.625,2,48,31.84713870799169,31.845599707914516,0,1,1,1789448813.20031,0.0,4,-0.010266488134649785,-19.877695083618164
153.8093329872936,32.14875829091761,0.0,0.0,0.8582220644999758,,0.005123750073835254,391,35007,0.7905409438535571,0.20173734426498413,1.389611840248108,-0.4117867350578308,0.8006322979927063,0.017867155373096466,0.9261659579351544,0.625,2,49,32.00144416594412,32.000072708004154,0,1,1,1789448813.354617,0.0,4,-0.009925294633548238,-19.877214431762695
155.50591703504324,32.22958862502128,0.0,0.0,0.8413563094789095,,0.0820103749865666,392,35159,0.8948750328272581,0.19614283740520477,1.391449213027954,-0.4123567044734955,0.8006021976470947,0.017867153510451317,1.0616249637678266,0.625,2,50,32.15763716597576,32.1560930829728,0,1,1,1789448813.510813,0.0,4,-0.007238528409676995,-19.877214431762695
162.48566703870893,32.40095358295366,0.0,0.0,0.8708085169310303,,0.0720432500820607,394,35314,1.9539999775588512,0.20635223388671875,1.3931818008422852,-0.41289493441581726,0.8005847334861755,0.017867159098386765,2.342291991226375,0.625,2,51,32.313736582989804,32.31051116599701,0,1,1,1789448813.6669161,0.0,4,-0.02176099351408413,-19.877216339111328
158.90949999447912,32.56321970792487,0.0,0.0,0.8609871100864167,,0.060344250057823956,396,35467,2.0287500228732824,0.18332059681415558,1.3948599100112915,-0.41340702772140503,0.8005472421646118,0.01653747633099556,2.523500006645918,0.625,2,52,32.468085957923904,32.46465445798822,0,1,1,1789448813.82127,0.0,4,-0.004811785387222356,-19.8758544921875
154.2482089716941,32.72096062498167,0.0,0.0,0.8494452981594666,,0.0532142500160262,398,35618,1.1006249114871025,0.18515437841415405,1.3965610265731812,-0.41391098499298096,0.8005371689796448,0.016515109688043594,1.327000092715025,0.625,2,53,32.62175545794889,32.619926666026004,0,1,1,1789448813.9749372,0.0,4,-0.006387873055901536,-19.868824005126953
162.2942080721259,32.89042133302428,0.0,0.0,0.8898698650966576,,0.04676520801149309,400,35806,1.0166659485548735,0.18795017898082733,1.3986972570419312,-0.41452884674072266,0.8005099892616272,0.021710602566599846,1.1934579815715551,0.625,2,54,32.776504790992476,32.774892332963645,0,1,1,1789448814.129688,0.0,4,-0.017313805706339263,-19.868820190429688
153.9055840112269,33.044987624976784,0.0,0.0,0.8664280529673413,,0.04181125003378838,402,35962,1.0718329576775432,0.19063717126846313,1.400481104850769,-0.4150468409061432,0.8004962205886841,0.02059784345328808,1.2792081106454134,0.625,2,55,32.934579749940895,32.932893290999345,0,1,1,1789448814.287765,0.0,4,-0.012888964996924197,-19.868824005126953
155.61550005804747,33.21226904098876,-0.2,0.0,0.8843149017053752,,0.032528124982491136,404,36106,1.1972499778494239,0.19063717126846313,1.4020724296569824,-0.4154930114746094,0.8004932999610901,0.020593203604221344,1.3991249725222588,0.875,3,56,33.09124749992043,33.0891816659132,0,1,1,1789448814.444435,0.0,4,-0.012846161847250608,-19.868824005126953
154.28341703955084,33.37593287497293,-0.2,0.0,0.8520482891738729,,0.023318333085626364,406,36256,1.2264580000191927,0.1861109435558319,1.403631567955017,-0.41591209173202515,0.8004693984985352,0.02186618186533451,1.426583039574325,0.875,3,57,33.24697662494145,33.24496779101901,0,1,1,1789448814.6001658,0.0,4,-0.009735376178614794,-19.86140251159668
154.2027499526739,33.540847082971595,0.0,0.0,0.8102901362495328,,0.01728762499988079,408,36408,1.0797500144690275,3.742191791534424,1.4049596786499023,-0.4162822961807251,0.8004363179206848,0.03262000158429146,1.3043329818174243,0.625,2,58,33.4057022909401,33.4039319580188,0,1,1,1789448814.758894,0.0,4,0.013478406865887967,-19.857091903686523
154.6271659899503,33.70502679096535,0.0,0.0,0.8835106075794967,,0.012789875036105514,410,36559,0.8797500049695373,2.923107385635376,1.4014859199523926,-0.41511279344558716,0.8001977801322937,0.12261037528514862,1.0335410479456186,0.625,2,59,33.564741874928586,33.563189500011504,0,1,1,1789448814.9179351,0.0,4,-0.04590533254736335,-19.806154251098633
159.02087499853224,33.87406183301937,0.0,0.0,0.7857257202717977,,0.004299791995435953,412,36707,1.2182079954072833,1.2046409845352173,1.395871877670288,-0.41284632682800293,0.8000262975692749,-0.038276609033346176,1.4277499867603183,0.625,2,60,33.72132866596803,33.71934075001627,0,1,1,1789448815.074524,0.0,4,-0.02243865704683862,-19.823759078979492
162.9039590479806,33.96013775002211,0.0,0.0,0.8417850591751334,,0.07682804204523563,413,36909,1.0187500156462193,-0.5014860033988953,1.393986463546753,-0.41108444333076477,0.8001977801322937,0.02182714268565178,1.1872079921886325,0.625,2,61,33.8758518329123,33.87406183301937,0,1,1,1789448815.2290492,0.0,4,-0.049961974934253986,-19.867067337036133
157.66133402939886,34.12068637495395,0.0,0.0,0.916959822136235,,0.06587350007612258,415,37061,2.2056670859456062,-1.0341264009475708,1.3917349576950073,-0.4096929430961609,0.8002408742904663,0.12765637040138245,2.497499925084412,0.625,2,62,34.03229866595939,34.02889854100067,0,1,1,1789448815.385498,0.0,4,-0.007392267794324996,-19.869140625
153.43349997419864,34.282837499980815,0.0,0.0,0.9436607623922773,,0.05434549995698035,417,37214,1.1761250207200646,0.30860602855682373,1.388325572013855,-0.40795019268989563,0.8002134561538696,0.07443545013666153,1.3590840389952064,0.625,2,63,34.18573087500408,34.1837494999636,0,1,1,1789448815.538932,0.0,4,-0.02298114812238846,-19.8528995513916
153.48558395635337,34.44783037493471,0.0,0.0,0.7589636765938832,,0.04798525001388043,419,37365,1.2745419517159462,-0.807855486869812,1.383998155593872,-0.405788779258728,0.8002535700798035,0.10104940086603165,1.5687079867348075,0.625,2,64,34.3445655410178,34.34233004099224,0,1,1,1789448815.697771,0.0,4,-0.018701053526860745,-19.835756301879883
153.14112498890609,34.612217082991265,0.0,0.0,0.9131644895976946,,0.04153591697104275,421,37507,1.812292030081153,-0.20292489230632782,1.3808115720748901,-0.4039759337902069,0.8003116846084595,0.0815666988492012,2.2684999275952578,0.625,2,65,34.503581999917515,34.5006118749734,0,1,1,1789448815.85679,0.0,4,-0.012201592502694942,-19.836109161376953
156.09083289746195,34.77927441592328,0.0,0.0,0.8638014026174836,,0.038121707970276475,423,37656,1.1263330234214664,-0.632828414440155,1.3777247667312622,-0.402180552482605,0.8003800511360168,0.11206924915313721,1.4855830231681466,0.625,2,66,34.66330037498847,34.6613052909961,0,1,1,1789448816.0165088,0.0,4,-0.012549091825011897,-19.845426559448242
159.98074994422495,34.94377162493765,0.0,0.0,0.8700605261956299,,0.037433582940138876,425,37809,1.2508750660344958,-0.3634657859802246,1.3743736743927002,-0.4001734256744385,0.800454318523407,0.10199178010225296,1.684832968749106,0.625,2,67,34.8236538330093,34.82122445793357,0,1,1,1789448816.176867,0.0,4,-0.01012927260008257,-19.859418869018555
155.2768750116229,35.10283108300064,0.0,0.0,0.9136255485847363,,0.028565916931256652,427,37965,1.0216250084340572,-0.3421245813369751,1.3710812330245972,-0.3981633484363556,0.8005168437957764,0.10989931970834732,1.196000026538968,0.625,2,68,34.97783316601999,34.97612012492027,0,1,1,1789448816.3310442,0.0,4,-0.008721986916023496,-19.85946273803711
158.89349998906255,35.271771500003524,0.0,0.0,0.8954345950700943,,0.01996908290311694,429,38156,1.0689579648897052,-0.4646851718425751,1.3673802614212036,-0.39587488770484924,0.8006004691123962,0.1111244484782219,1.2796249939128757,0.625,2,69,35.134584457962774,35.13284708291758,0,1,1,1789448816.487797,0.0,4,-0.010137821093228047,-19.848356246948242
157.26770798210055,35.43279791600071,0.0,0.0,0.9041986131175102,,0.013020374928601086,431,38306,0.9467910276725888,-0.30671200156211853,1.3645708560943604,-0.39406946301460266,0.8006687760353088,0.1093452200293541,1.1391669977456331,0.625,2,70,35.290169332991354,35.28855058294721,0,1,1,1789448816.643384,0.0,4,-0.018509888194804584,-19.83983039855957
155.4904580116272,35.59448183292989,0.0,0.0,0.882992484612072,,0.008222166099585593,433,38463,1.0130000300705433,-0.38808688521385193,1.3614929914474487,-0.39207351207733154,0.8007307648658752,0.11255549639463425,1.187334069982171,0.625,2,71,35.44891304092016,35.447213541017845,0,1,1,1789448816.80213,0.0,4,-0.013765279321710325,-19.83563804626465
153.9760830346495,35.67566733295098,0.0,0.0,0.8968375764592578,,0.08221587503794581,434,38610,0.9473339887335896,-0.34040674567222595,1.358721137046814,-0.3902430832386017,0.8007655143737793,0.11597391217947006,1.1249999515712261,0.625,2,72,35.60572004097048,35.603907124954276,0,1,1,1789448816.9589381,0.0,4,-0.011308019615432293,-19.83573341369629
160.53070791531354,35.84714183292817,0.0,0.0,0.9056854306710455,,0.07687083294149488,436,38756,1.1319590266793966,-0.3551460802555084,1.3560566902160645,-0.388469398021698,0.8007727265357971,0.1120348796248436,1.3678750256076455,0.625,2,73,35.765444415970705,35.763481957954355,0,1,1,1789448817.118666,0.0,4,-0.008240827401429004,-19.839603424072266
153.74820807483047,36.00560283300001,0.0,0.0,0.8557837282951781,,0.06762020802125335,438,38906,1.4829590218141675,-0.3422888517379761,1.3534542322158813,-0.3867082893848419,0.8007539510726929,0.11792505532503128,1.730959047563374,0.625,2,74,35.92196237493772,35.919474832946435,0,1,1,1789448817.2751858,0.0,4,-0.004339823141817776,-19.842248916625977
154.16787506546825,36.17090725002345,0.0,0.0,0.8742949706284278,,0.05680654104799032,440,39059,1.1906669242307544,-0.34049299359321594,1.3507822751998901,-0.38488349318504333,0.800709068775177,0.11792222410440445,1.3806249480694532,0.625,2,75,36.07548966596369,36.07354591600597,0,1,1,1789448817.428715,0.0,4,-0.002783580419661127,-19.84225082397461
153.0572089832276,36.333674749941565,0.0,0.0,0.8265875340565141,,0.04762112500611693,442,39259,2.0823340164497495,-0.3460614085197449,1.347288727760315,-0.3824918568134308,0.8006361722946167,0.11679329723119736,2.3566250456497073,0.625,2,76,36.23139879095834,36.228238665964454,0,1,1,1789448817.584626,0.0,4,-0.014770514370237194,-19.842243194580078
157.86037500947714,36.501989000011235,0.0,0.0,0.8555603411465478,,0.04478845791891217,444,39409,1.0462909704074264,-0.32994645833969116,1.3445467948913574,-0.3805854916572571,0.800593376159668,0.11762687563896179,1.2417500838637352,0.625,2,77,36.39057824993506,36.38891708292067,0,1,1,1789448817.743807,0.0,4,-0.01511403584571137,-19.833106994628906
155.25120799429715,36.66239716601558,0.0,0.0,0.875373329278227,,0.04152766696643084,446,39561,1.2393329525366426,-0.3508589565753937,1.3420436382293701,-0.3788308799266815,0.8005258440971375,0.12525446712970734,1.4669590163975954,0.625,2,78,36.550713790929876,36.548673624987714,0,1,1,1789448817.903945,0.0,4,-0.01329082822850488,-19.82954978942871
157.73300000000745,36.82165083300788,0.0,0.0,0.8641792846951738,,0.039294791989959776,448,39706,0.9085839847102761,-0.3294563293457031,1.3394784927368164,-0.3770214319229126,0.8004805445671082,0.12061122804880142,1.0678330436348915,0.625,2,79,36.704701915965416,36.70321262499783,0,1,1,1789448818.057934,0.0,4,-0.013915863677194641,-19.8295955657959
153.33579201251268,36.97916058299597,0.0,0.0,0.8737638859701924,,0.03641662502195686,450,39857,0.8964589796960354,-0.3449525833129883,1.3368622064590454,-0.3751681447029114,0.8004280924797058,0.12460880726575851,1.0680410778149962,0.625,2,80,36.86376191594172,36.86224141600542,0,1,1,1789448818.2169962,0.0,4,-0.007904831024252856,-19.829566955566406
160.4580000275746,37.151009875000454,0.0,0.0,0.9017689798904407,,0.03152012499049306,452,40016,1.0640829568728805,-0.324684739112854,1.334249496459961,-0.37331971526145935,0.8003689050674438,0.12360724806785583,1.2582080671563745,0.625,2,81,37.02385479095392,37.02207199996337,0,1,1,1789448818.3770921,0.0,4,0.0016982545483553377,-19.82961082458496
159.45033403113484,37.31307499995455,0.0,0.0,0.8889208678133191,,0.024116875021718442,454,40211,1.1151250218972564,-0.32567259669303894,1.3309736251831055,-0.3710000813007355,0.8003239631652832,0.11765599250793457,1.3481660280376673,0.625,2,82,37.17973912495654,37.177741540945135,0,1,1,1789448818.5329778,0.0,4,-0.014483182565378644,-19.829608917236328
153.29212497454137,37.470420124940574,0.0,0.0,0.8661486888031773,,0.023733666050247848,456,40357,1.0532500455155969,-0.32567256689071655,1.3285932540893555,-0.3692983090877533,0.8002816438674927,0.12205644696950912,1.2423750013113022,0.625,2,83,37.34252424992155,37.34086166601628,0,1,1,1789448818.695765,0.0,4,-0.012920534041417905,-19.829608917236328
160.61466606333852,37.64359641599003,0.0,0.0,0.8370716702338791,,0.012758708093315363,458,40507,1.2260830262675881,-0.32675766944885254,1.3261096477508545,-0.3675216734409332,0.8002362847328186,0.12006993591785431,1.4371669385582209,0.625,2,84,37.49770199996419,37.49574045802001,0,1,1,1789448818.850945,0.0,4,-0.008456531234549761,-19.829607009887695
153.49387505557388,37.80350220797118,0.0,0.0,0.7980767855630673,,0.001399083063006401,460,40656,1.016459078527987,-0.32531046867370605,1.3236825466156006,-0.36577242612838745,0.8002104163169861,0.12016935646533966,1.1961250565946102,0.625,2,85,37.6530405000085,37.65140741597861,0,1,1,1789448819.006285,0.0,4,-0.0024395940549400454,-19.82961082458496
153.32308295182884,37.88542595796753,0.0,0.0,0.8074939673580264,,0.07385237491689622,461,40807,1.163708046078682,-0.3206774592399597,1.3213330507278442,-0.36407119035720825,0.8001881837844849,0.1246381551027298,1.414833008311689,0.625,2,86,37.80792199994903,37.805955249932595,0,1,1,1789448819.1611688,0.0,4,-0.0029405416318878472,-19.824901580810547
158.86891598347574,38.060690540936776,0.0,0.0,0.7734334981427041,,0.05874683300498873,463,40973,1.2279580114409328,-0.32068106532096863,1.3187034130096436,-0.3621657192707062,0.8001673221588135,0.1222364529967308,1.425374997779727,0.625,2,87,37.96262416592799,37.96056845795829,0,1,1,1789448819.315873,0.0,4,-0.008647119257946818,-19.820138931274414
154.5417079469189,38.22047491592821,0.0,0.0,0.6789303005103066,,0.04958420793991536,465,41111,1.1798749910667539,-0.32068106532096863,1.3165388107299805,-0.36059290170669556,0.8001503348350525,0.1222364529967308,1.3556670164689422,0.625,2,0,38.117348457919434,38.115517415921204,0,1,0,1789448819.470599,0.0,4,-0.010430611617887511,-19.820138931274414
157.60783303994685,38.38432933297008,0.0,0.0,0.7468511027339281,,0.044670708011835814,467,41256,1.0647079907357693,-0.327076256275177,1.3142420053482056,-0.3589109480381012,0.8001362085342407,0.12720970809459686,1.275207963772118,0.625,2,0,38.27318679098971,38.27139220794197,0,1,0,1789448819.6264389,0.0,4,-0.007427114091373501,-19.820119857788086
156.9933749269694,38.54919491591863,0.0,0.0,0.6511847951519755,,0.0366175000090152,469,41462,1.2715409975498915,-0.324415385723114,1.3108940124511719,-0.35645949840545654,0.8001235723495483,0.1272098869085312,1.503625069744885,0.625,2,0,38.43088358291425,38.42881904100068,0,1,0,1789448819.784138,0.0,4,0.0043036418300064555,-19.82012367248535
157.12987503502518,38.71065520797856,0.0,0.0,0.7089627695628035,,0.03087579202838242,471,41608,0.8933329954743385,-0.32717570662498474,1.3086471557617188,-0.35481762886047363,0.8001150488853455,0.12720589339733124,1.0520420037209988,0.625,2,0,38.585899374913424,38.58440112497192,0,1,0,1789448819.9391549,0.0,4,-0.0044109612148158645,-19.820119857788086
153.6119170486927,38.86968812497798,0.0,0.0,0.7943921163285814,,0.0231115419883281,473,41759,0.9200830245390534,-0.31742197275161743,1.3062704801559448,-0.35307320952415466,0.8001087307929993,0.12413594871759415,1.1169579811394215,0.625,2,1,38.7406605000142,38.73918774991762,0,1,1,1789448820.093919,0.0,4,0.0028234218046243615,-19.82014274597168
154.34837492648512,39.033325415919535,0.0,0.0,0.7547473751451662,,0.020756374928168952,475,41907,0.9989170357584953,-0.32534369826316833,1.3039721250534058,-0.35138145089149475,0.8001021146774292,0.12485489249229431,1.1599160498008132,0.625,2,2,38.901342874974944,38.89973341592122,0,1,1,1789448820.254603,0.0,4,0.009439573736932879,-19.820119857788086
158.71308301575482,39.20100979099516,0.0,0.0,0.6789741098609747,,0.011693542008288205,477,42058,1.0086660040542483,-0.31275349855422974,1.3014445304870605,-0.34951546788215637,0.8000896573066711,0.12676937878131866,1.1708750389516354,0.625,2,0,39.05566916591488,39.05399024998769,0,1,0,1789448820.408931,0.0,4,0.004515509875468183,-19.816431045532227
155.00587492715567,39.36228412494529,0.0,0.0,0.7778750665182215,,0.003982124966569245,479,42206,1.2196670286357403,-0.31685522198677063,1.2991799116134644,-0.3478526175022125,0.8000924587249756,0.12097799777984619,1.450291951186955,0.625,2,1,39.21326604101341,39.211260374984704,0,1,1,1789448820.56653,0.0,4,0.0010434119971253985,-19.81376075744629
156.4570419723168,39.44480895798188,0.0,0.0,0.773926184279484,,0.07820399990305305,480,42363,0.8653339464217424,-0.3198637366294861,1.296724557876587,-0.34602639079093933,0.800100564956665,0.12629973888397217,1.1310420231893659,0.625,2,2,39.36815629096236,39.36655591591261,0,1,1,1789448820.7214222,0.0,4,-0.005269148164392666,-19.813753128051758
154.61070800665766,39.60312383295968,0.0,0.0,0.7505944579536674,,0.07810995797626674,482,42557,0.9525830391794443,-0.326078325510025,1.2937943935394287,-0.343847393989563,0.8000960350036621,0.12815743684768677,1.1736670276150107,0.625,2,3,39.52820483292453,39.52662308292929,0,1,1,1789448820.881474,0.0,4,0.007415745085799801,-19.81374168395996
157.1564170299098,39.76664212497417,0.0,0.0,0.7695003637831997,,0.07591008301824331,484,42706,0.9929169900715351,-0.3218272924423218,1.2914396524429321,-0.3421049118041992,0.8001126050949097,0.1293128877878189,1.2154999421909451,0.625,2,4,39.687145708012395,39.6853957909625,0,1,1,1789448821.040417,0.0,4,-0.0023709411622545823,-19.813749313354492
162.2302089817822,39.93259099998977,0.0,0.0,0.8319369639652232,,0.07520670897793025,486,42857,1.015417044982314,-0.31776711344718933,1.289007544517517,-0.3403207063674927,0.8001091480255127,0.12334097921848297,1.2434580130502582,0.625,2,5,39.84734458301682,39.84556749998592,0,1,1,1789448821.200616,0.0,4,0.007279578091642383,-19.81376075744629
155.59616696555167,40.08723295794334,0.0,0.0,0.7994336741674595,,0.06914612499531358,488,43007,1.1035839561372995,-0.321269690990448,1.2867121696472168,-0.3386329412460327,0.8001341223716736,0.12336815148591995,1.3429590035229921,0.625,2,6,40.00272795802448,40.000782915973105,0,1,1,1789448821.356002,0.0,4,0.010047739657867413,-19.808767318725586
158.3452500635758,40.253222208004445,0.0,0.0,0.7257082117814047,,0.06535812502261251,490,43160,1.2743750121444464,-0.3187159597873688,1.2843796014785767,-0.33691802620887756,0.800137460231781,0.1245274618268013,1.5626250533387065,0.625,2,0,40.162499957950786,40.16023508296348,0,1,0,1789448821.515776,0.0,4,0.0070356732855487965,-19.80805015563965
154.60912499111146,40.41650004091207,0.0,0.0,0.7559729854039473,,0.05752895900513977,492,43309,2.2315419046208262,-0.32254573702812195,1.2821964025497437,-0.3353128135204315,0.8001548051834106,0.12468235194683075,2.7002079878002405,0.625,2,1,40.32297108299099,40.3194198749261,0,1,1,1789448821.6762502,0.0,4,0.009975603724243217,-19.80803871154785
156.41537494957447,40.58322495792527,0.0,0.0,0.811830072216752,,0.04722612502519041,494,43456,1.311291940510273,-0.30856335163116455,1.2800772190093994,-0.3337665796279907,0.8001676201820374,0.12405836582183838,1.5780840767547488,0.625,2,2,40.47618758294266,40.47403570800088,0,1,1,1789448821.829468,0.0,4,0.012568097895125864,-19.808076858520508
155.36258299835026,40.74556579091586,0.0,0.0,0.8510064870868098,,0.043095833039842546,496,43659,1.118500018492341,-0.32100027799606323,1.2769066095352173,-0.3314593434333801,0.8001847267150879,0.12087278813123703,1.344083109870553,0.625,2,3,40.63505358295515,40.633299040957354,0,1,1,1789448821.9883351,0.0,4,0.01511438748217148,-19.808048248291016
153.07512506842613,40.90710516599938,0.0,0.0,0.8866180827177601,,0.03871083399280906,498,43810,1.1447090655565262,-0.3141535222530365,1.2745912075042725,-0.32977622747421265,0.8001944422721863,0.12295560538768768,1.3628340093418956,0.625,2,4,40.79465091601014,40.792740874923766,0,1,1,1789448822.147935,0.0,4,0.015967164188238455,-19.80807113647461
153.52929197251797,41.07341774995439,0.0,0.0,0.9037275166193123,,0.0273106669774279,500,43961,1.2199579505249858,-0.32255876064300537,1.2723960876464844,-0.32820072770118713,0.8001953959465027,0.12295646220445633,1.4280829345807433,0.625,2,5,40.9491984579945,40.9471991249593,0,1,1,1789448822.302484,0.0,4,0.019871596513105185,-19.807910919189453
154.17829190846533,41.23921874992084,0.0,0.0,0.9162222834299665,,0.018763624946586788,502,44109,1.164125045761466,-0.31152456998825073,1.2701352834701538,-0.3265892565250397,0.8002175688743591,0.11866394430398941,1.4412919990718365,0.625,2,6,41.10579212498851,41.10380408295896,0,1,1,1789448822.45908,0.0,4,0.01779393767214556,-19.802770614624023
154.6399579383433,41.40411945793312,0.0,0.0,0.8934229874157235,,0.012750082998536527,504,44262,1.0003331117331982,-0.32194751501083374,1.2677345275878906,-0.3248804211616516,0.800209641456604,0.11804356426000595,1.1467080330476165,0.625,2,7,41.263835666002706,41.262229582993314,0,1,1,1789448822.617125,0.0,4,0.02050477234222449,-19.802749633789062
153.7087910110131,41.56215816596523,0.0,0.0,0.8744053721863934,,0.012305540964007378,506,44408,0.8261660113930702,-0.31974276900291443,1.2655478715896606,-0.32332274317741394,0.8002265691757202,0.12003279477357864,0.9789590258151293,0.625,2,8,41.42208899999969,41.420754915918224,0,1,1,1789448822.77538,0.0,4,0.0243153540622131,-19.802759170532227
158.07987505104393,41.729366832994856,0.0,0.0,0.8911826235461273,,0.008659500046633184,508,44609,0.8898749947547913,-0.3301640748977661,1.2625154256820679,-0.3211838901042938,0.8002157807350159,0.12198833376169205,1.0526248952373862,0.625,2,9,41.58140529098455,41.579946457990445,0,1,1,1789448822.9346979,0.0,4,0.018709157792746723,-19.802734375
153.91983394511044,41.887514999951236,0.0,0.0,0.9010366218431863,,0.0024226249661296606,510,44761,0.9083329932764173,-0.3168638050556183,1.260164737701416,-0.31955260038375854,0.8002246022224426,0.11715226620435715,1.0739999124780297,0.625,2,10,41.73749562492594,41.736017790972255,0,1,1,1789448823.090791,0.0,4,0.021605912642357998,-19.802766799926758
157.18833298888057,41.97198079095688,0.0,0.0,0.8740960384302348,,0.07626474997960031,511,44922,1.052333042025566,-0.3204844892024994,1.2576916217803955,-0.3178453743457794,0.800218403339386,0.11313843727111816,1.262625097297132,0.625,2,11,41.892901540966704,41.8910572079476,0,1,1,1789448823.2461991,0.0,4,0.016865888925082614,-19.80276107788086
158.34970900323242,42.13789087499026,0.0,0.0,0.9106622637178498,,0.06612662493716925,513,45062,1.193417003378272,-0.320436030626297,1.25565767288208,-0.3164450526237488,0.8002065420150757,0.1164601519703865,1.3939159689471126,0.625,2,12,42.047638582997024,42.0456677909242,0,1,1,1789448823.400938,0.0,4,0.01827094925050802,-19.802343368530273
156.20262501761317,42.29894758295268,0.0,0.0,0.8908508419991944,,0.057564000017009676,515,45207,1.1893750634044409,-0.3147064447402954,1.2535114288330078,-0.3149738907814026,0.8002145886421204,0.11001433432102203,1.3832090189680457,0.625,2,13,42.20231116598006,42.200308957952075,0,1,1,1789448823.555613,0.0,4,0.03055727743448389,-19.798059463500977
159.4114589970559,42.46547587495297,0.0,0.0,0.8643914547967583,,0.04913529206532985,517,45357,1.0043749352917075,-0.32385072112083435,1.2512279748916626,-0.313405841588974,0.8001920580863953,0.11391393095254898,1.170292031019926,0.625,2,14,42.356854415964335,42.355199708021246,0,1,1,1789448823.7101572,0.0,4,0.009588451478920866,-19.798036575317383
162.69637492951006,42.633444499922916,0.0,0.0,0.9121874006149312,,0.0460249159950763,519,45513,1.0943330125883222,-0.3186083436012268,1.2488970756530762,-0.3118131756782532,0.8001965880393982,0.11624864488840103,1.3270829804241657,0.625,2,15,42.51866025000345,42.51677304098848,0,1,1,1789448823.871966,0.0,4,0.02027455212494958,-19.798053741455078
156.36812499724329,42.79012558294926,0.0,0.0,0.8393068649586941,,0.03749274997971952,521,45656,0.9643340017646551,-0.32281652092933655,1.2466940879821777,-0.3103165924549103,0.8001807928085327,0.11142613738775253,1.1764999944716692,0.625,2,16,42.67289158294443,42.671250207931735,0,1,1,1789448824.0262,0.0,4,0.020035911363191515,-19.798044204711914
159.68141600023955,42.95648066594731,0.0,0.0,0.9354670030136172,,0.03435800003353506,523,45856,1.072874991223216,-0.317728191614151,1.2436844110488892,-0.3082689344882965,0.8001699447631836,0.11454785615205765,1.2920419685542583,0.625,2,17,42.83306291594636,42.831157249980606,0,1,1,1789448824.186372,0.0,4,0.019635968473494525,-19.79806137084961
156.69391700066626,43.118678999948315,0.0,0.0,0.8666140216360438,,0.024537957971915603,525,45961,1.192667055875063,-0.31692755222320557,1.2420638799667358,-0.3071781098842621,0.8001633286476135,0.1129704937338829,1.4112080680206418,0.625,2,18,42.98853162501473,42.986523040919565,0,1,1,1789448824.341843,0.0,4,0.013524411799651805,-19.798063278198242
153.9288330823183,43.280427083023824,0.0,0.0,0.8864158852324924,,0.021501332987099886,527,46157,1.068499987013638,-0.32523390650749207,1.2393115758895874,-0.3053228557109833,0.8001421093940735,0.1104063168168068,1.2755419593304396,0.625,2,19,43.14981445798185,43.147999582928605,0,1,1,1789448824.503128,0.0,4,0.015278200254220099,-19.79804039001465
153.7347079720348,43.44473016599659,0.0,0.0,0.8674481712349181,,0.019470041966997087,529,46309,1.0145000414922833,-0.31907743215560913,1.2368788719177246,-0.30367448925971985,0.800138533115387,0.11322926729917526,1.180207938887179,0.625,2,20,43.312213165918365,43.31046549999155,0,1,1,1789448824.665528,0.0,4,0.01761495661067414,-19.7932186126709
155.11558391153812,43.61482249991968,0.0,0.0,0.9026202349585832,,0.005643000011332333,531,46457,1.033333013765514,-0.32760119438171387,1.2347092628479004,-0.30221495032310486,0.8001182079315186,0.11322937905788422,1.2162920320406556,0.625,2,21,43.46694779093377,43.46534991601948,0,1,1,1789448824.820265,0.0,4,0.015012996525601268,-19.79319953918457
162.51558298245072,43.704929790925235,0.0,0.0,0.8945089021474775,,0.07848795806057751,532,46606,1.1197080602869391,-0.3162820339202881,1.2325632572174072,-0.3007878065109253,0.8001232147216797,0.11322924494743347,1.3809580123052,0.625,2,22,43.62278600002173,43.62090216600336,0,1,1,1789448824.976105,0.0,4,0.02023657254266042,-19.79322624206543
157.20058407168835,43.861988999997266,0.0,0.0,0.8696054077881021,,0.07413379207719117,534,46809,0.9261670056730509,-0.3297897279262543,1.229513168334961,-0.2987668216228485,0.8000989556312561,0.10897622257471085,1.1090419720858335,0.625,2,23,43.78053666593041,43.77892220800277,0,1,1,1789448825.133858,0.0,4,0.009662957016823933,-19.793195724487305
161.28529200796038,44.029879582929425,0.0,0.0,0.8990477014416717,,0.07410554203670472,536,46959,1.2246250407770276,-0.32364559173583984,1.2272601127624512,-0.29727551341056824,0.800105094909668,0.1140582486987114,1.5176250599324703,0.625,2,24,43.945020040962845,43.94269983295817,0,1,1,1789448825.298343,0.0,4,0.0101506470656497,-19.793210983276367
154.12170893978328,44.19229924993124,0.0,0.0,0.8769434553090067,,0.06417866703122854,538,47107,1.3043329818174243,-0.31689026951789856,1.2251322269439697,-0.29589948058128357,0.800082266330719,0.10568278282880783,1.5622080536559224,0.625,2,25,44.10468533297535,44.102356208022684,0,1,1,1789448825.458011,0.0,4,0.011341811654927219,-19.79322624206543
160.926999989897,44.36226166598499,0.0,0.0,0.8670779850050797,,0.06087449996266514,540,47262,1.1222910834476352,-0.3203854560852051,1.2228288650512695,-0.294411301612854,0.8000894784927368,0.10571849346160889,1.3486250536516309,0.625,2,26,44.26400629093405,44.262209165957756,0,1,1,1789448825.6173341,0.0,4,0.014035771324728693,-19.793222427368164
159.55983405001462,44.52229737502057,0.0,0.0,0.8899092520626947,,0.05359354196116328,542,47410,1.025000005029142,-0.3340873122215271,1.2205681800842285,-0.2929409444332123,0.8000829815864563,0.11024585366249084,1.3098749332129955,0.625,2,27,44.418113290914334,44.41633108293172,0,1,1,1789448825.771444,0.0,4,0.00952688862670753,-19.793193817138672
156.12170903477818,44.6789167500101,0.0,0.0,0.8727182842315755,,0.047994624939747155,544,47559,0.9444169700145721,-0.3302764296531677,1.2183347940444946,-0.2914997339248657,0.800078272819519,0.1102718710899353,1.2029169593006372,0.625,2,28,44.57238533301279,44.57078966591507,0,1,1,1789448825.925716,0.0,4,-0.004204646426779665,-19.788715362548828
154.99750000890344,44.83729845797643,0.0,0.0,0.8708763339394227,,0.04691224999260157,546,47758,0.9133749408647418,-0.32934820652008057,1.2153065204620361,-0.28957080841064453,0.8000790476799011,0.10812781751155853,1.1699579190462828,0.625,2,29,44.73091887496412,44.72921320796013,0,1,1,1789448826.084254,0.0,4,0.0033025231068882204,-19.788236618041992
156.98945801705122,44.99911620793864,0.0,0.0,0.8735642348561683,,0.04583900002762675,548,47908,0.871333060786128,-0.324403315782547,1.2130608558654785,-0.28813230991363525,0.8000757098197937,0.1052439734339714,1.0694999946281314,0.625,2,30,44.88946091593243,44.88796574994922,0,1,1,1789448826.242796,0.0,4,0.008249472526476686,-19.78824234008789
,,,,,after-land,,,55007,,,1.139390230178833,-0.24204586446285248,0.019883913919329643,,,,,,52.0381776249269,,,,,,,,,
